
//standrad 64 nerons
0.8999999761581421
0.9555555582046509
0.9777777791023254
0.9277777671813965
0.9277777671813965

// increase to 64 128 64 32 9
0.8722222447395325
0.9611111283302307
0.9555555582046509
0.949999988079071
0.855555534362793

//change to 9 sequence length (9,5) as opppsoed to (18,5)
0.9222221970558167
0.9388889074325562
0.9666666388511658
0.9277777671813965
0.8833333253860474

//64/64
0.949999988079071
0.9611111283302307
0.9944444298744202
0.9722222089767456
0.9611111283302307

//64/32 spilt
0.9444444179534912
0.9666666388511658
0.9888888597488403
0.9722222089767456
0.949999988079071

//including 10th value now 64/64 results below for each trial
0.9399999976158142
0.9549999833106995
0.9750000238418579
0.9649999737739563
0.925000011920929

{'model': 'SimpleRNN', 'loss': 0.39825382828712463, 'accuracy': 0.9399999976158142, 'avg_f1score': 0.9408560812473297,
'cateogrical_f1score': [0.9473683834075928, 0.9743589162826538, 0.9268293380737305, 0.9523809552192688, 0.949999988079071, 0.9756097793579102, 0.923076868057251, 0.9473683834075928, 0.9743589162826538, 0.8372092843055725],
'cateogrial_accuracy': [0.9, 0.95, 0.95, 1.0, 0.95, 1.0, 0.9, 0.9, 0.95]}

{'model': 'SimpleRNN', 'loss': 0.41075989603996277, 'accuracy': 0.9549999833106995, 'avg_f1score': 0.9548371255397796,
'cateogrical_f1score': [0.8837209343910217, 0.9743589162826538, 0.8648648858070374, 0.9756097793579102, 0.9523809552192688, 1.0, 0.923076868057251, 1.0, 1.0, 0.9743589162826538],
'cateogrial_accuracy': [0.95, 0.95, 0.8, 1.0, 1.0, 1.0, 0.9, 1.0, 1.0]}

{'model': 'SimpleRNN', 'loss': 0.22075672447681427, 'accuracy': 0.9750000238418579, 'avg_f1score': 0.975115692615509,
'cateogrical_f1score': [0.949999988079071, 1.0, 0.949999988079071, 0.9756097793579102, 0.9743589162826538, 0.9743589162826538, 1.0, 1.0, 1.0, 0.9268293380737305],
'cateogrial_accuracy': [0.95, 1.0, 0.95, 1.0, 0.95, 0.95, 1.0, 1.0, 1.0]}

{'model': 'SimpleRNN', 'loss': 0.20674555003643036, 'accuracy': 0.9649999737739563, 'avg_f1score': 0.9652577221393586,
'cateogrical_f1score': [0.9756097793579102, 1.0, 0.949999988079071, 0.9743589162826538, 1.0, 0.9756097793579102, 0.9189189076423645, 0.9743589162826538, 1.0, 0.8837209343910217],
 'cateogrial_accuracy': [1.0, 1.0, 0.95, 0.95, 1.0, 1.0, 0.85, 0.95, 1.0]}


0.8149999976158142
0.7950000166893005
0.824999988079071
0.8299999833106995
0.800000011920929

0.9300000071525574
0.9449999928474426
0.9800000190734863
0.9599999785423279
0.9049999713897705

0.8849999904632568
0.8849999904632568
0.9300000071525574
0.8949999809265137
0.8650000095367432

0.925000011920929
0.9399999976158142
0.9700000286102295
0.9549999833106995
0.9300000071525574

0.8450000286102295
0.9049999713897705
0.9200000166893005
0.8799999952316284
0.8949999809265137

0.8650000095367432
0.9049999713897705
0.9399999976158142
0.9150000214576721
0.8849999904632568

0.9200000166893005
0.9449999928474426
0.9800000190734863
0.9649999737739563
0.9200000166893005

0.9399999976158142
0.9549999833106995
0.9750000238418579
0.9649999737739563
0.925000011920929

0.9200000166893005
0.9350000023841858
0.9850000143051147
0.9649999737739563
0.925000011920929

0.9049999713897705
0.9549999833106995
0.9850000143051147
0.9649999737739563
0.9300000071525574

0.9100000262260437
0.9049999713897705
0.9800000190734863
0.925000011920929
0.9100000262260437

0.8600000143051147
0.949999988079071
0.9649999737739563
0.9449999928474426
0.8899999856948853

0.8149999976158142
0.7749999761581421
0.7799999713897705


0.8299999833106995
0.7799999713897705
0.8299999833106995
0.925000011920929
0.824999988079071

0.8100000023841858
0.8199999928474426
0.9049999713897705
0.8349999785423279
0.8299999833106995

0.8100000023841858
0.8199999928474426
0.9049999713897705
0.8349999785423279
0.8299999833106995

0.925000011920929
0.9700000286102295
0.9800000190734863
0.9700000286102295
0.9200000166893005

0.8849999904632568
0.8899999856948853
0.9649999737739563
0.9049999713897705
0.875

0.9049999713897705
0.9300000071525574
0.9900000095367432
0.7649999856948853
0.9350000023841858

0.8600000143051147
0.8949999809265137
0.9649999737739563
0.9100000262260437
0.8600000143051147

0.9100000262260437
0.925000011920929
0.9800000190734863
0.9399999976158142
0.8849999904632568

0.9300000071525574
0.9449999928474426
0.9750000238418579
0.9700000286102295
0.9300000071525574

0.925000011920929
0.9649999737739563
0.9800000190734863
0.9549999833106995
0.925000011920929

0.949999988079071
0.949999988079071
0.9750000238418579
0.9649999737739563
0.9300000071525574

0.925000011920929
0.9700000286102295
0.9950000047683716
0.9599999785423279
0.9350000023841858

0.8949999809265137
0.9300000071525574
0.9750000238418579
0.9599999785423279
0.8999999761581421
0.9150000214576721
0.9449999928474426
0.9750000238418579
0.9350000023841858
0.9150000214576721




//New results

0.9629999999999999
0.9649999999999999
0.966
0.96
0.986
0.9889999999999999
0.9960000000000001
0.992
0.9809999999999999
0.977
0.977
0.986
0.9789999999999999
0.9729999999999999
0.985
0.9879999999999999
0.9940000000000001
0.991
0.986
0.969
0.9810000000000001
0.984
0.976
0.9789999999999999
0.9730000000000001
0.9810000000000001
0.9880000000000001
0.983
0.977
0.984
0.9890000000000001
0.9960000000000001
0.993
0.984
0.9880000000000001
0.9909999999999999
0.9949999999999999
0.9930000000000001
0.9850000000000001
0.984
0.9869999999999999
0.9969999999999999
0.993
0.985
0.9810000000000001
0.991
0.9970000000000001
0.993
0.986
0.9819999999999999
0.9809999999999999
0.9959999999999999
0.985
0.982
0.9719999999999999
0.99
0.993
0.9890000000000001
0.978
0.9409999999999998
0.9429999999999998
0.9549999999999998
0.9540000000000001
0.943
0.984
0.9869999999999999
0.9890000000000001
0.983
0.9789999999999999
0.9650000000000001
0.968
0.9860000000000001
0.969
0.9650000000000001
0.9789999999999999
0.9869999999999999
0.9889999999999999
0.986
0.9789999999999999
0.966
0.9650000000000001
0.983
0.9730000000000001
0.9700000000000001
0.976
0.978
0.978
0.975
0.97
0.9789999999999999
0.985
0.9920000000000002
0.985
0.9650000000000001
0.968
0.9860000000000001
0.969
0.9650000000000001
0.9789999999999999
0.9869999999999999
0.9889999999999999
0.986
0.9789999999999999
0.966
0.9650000000000001
0.983
0.9730000000000001
0.9700000000000001
0.976
0.978
0.978
0.975
0.97
0.983
0.9880000000000001
0.9960000000000001
0.9860000000000001
0.9800000000000001
0.9829999999999999
0.9820000000000002
0.992
0.9860000000000001
0.9840000000000002
0.9729999999999999
0.9829999999999999
0.992
0.9799999999999999
0.978
0.9699999999999998
0.9800000000000001
0.9889999999999999
0.9799999999999999
0.9719999999999999
0.968
0.978
0.986
0.983
0.9730000000000001
0.9829999999999999
0.986
0.992
0.9880000000000001
0.9840000000000002
0.974
0.9730000000000001
0.99
0.976
0.975
0.9829999999999999
0.985
0.985
0.9869999999999999
0.9780000000000001
0.983
0.9890000000000001
0.994
0.9890000000000001
0.9809999999999999
0.9810000000000001
0.9890000000000001
0.998
0.9870000000000001
0.984
0.9789999999999999
0.985
0.9960000000000001
0.985
0.983
0.978
0.986
0.9950000000000001
0.986
0.975
0.9560000000000001
0.9790000000000003
0.985
0.9720000000000002
0.969
0.985
0.9869999999999999
0.994
0.991
0.9760000000000002
0.966
0.9730000000000001
0.984
0.9719999999999999
0.9640000000000001
0.974
0.978
0.984
0.9860000000000001
0.9719999999999999
0.9850000000000001
0.985
0.9950000000000001
0.991
0.985
0.985
0.9890000000000001
0.9970000000000001
0.993
0.9849999999999998
0.9809999999999999
0.984
0.992
0.9889999999999999
0.9790000000000001
0.9729999999999999
0.99
0.9890000000000001
0.9869999999999999
0.978
0.86
0.8639999999999999
0.8759999999999998
0.8560000000000001
0.8629999999999999
0.8544910179640718
0.8594594594594597
0.854054054054054
