[  8   9  10  15  18  25  28  30  35  39  42  45  49  51  52  54  56  84
  87  97 104 109 118 125 126 141 143 148 151 157 165 170 171 173 175 176
 188 191 194 198 204 205 213 218 225 226 227 239 242 243 248 261 273 274
 278 279 284 295 296 297 301 308 310 317 319 321 322 324 325 329 332 339
 347 361 362 372 376 380 381 391 402 410 413 416 417 419 421 426 438 457
 475 476 477 484 485 487 488 494 496 499 502 503 519 525 526 528 531 542
 543 546 549 556 561 564 567 579 587 591 596 599 607 610 621 622 634 637
 638 645 646 649 655 658 667 674 675 679 681 690 694 698 702 703 705 709
 721 728 730 739 740 743 751 760 767 771 776 779 782 793 796 799 805 808
 817 823 830 832 834 835 838 844 846 852 863 869 871 877 879 890 891 892
 900 903 904 922 925 933 937 941 943 946 948 950 954 955 960 965 978 979
 985 999]
[  5   6  11  13  19  22  33  38  41  44  47  50  53  58  77  82  83  86
  88  94 101 105 107 116 117 123 139 142 153 156 158 159 163 172 182 184
 187 192 195 197 201 207 211 214 231 241 246 249 251 252 253 255 257 262
 264 265 271 282 283 291 302 328 337 338 343 348 355 358 360 364 365 370
 371 379 386 388 390 394 395 396 403 408 414 423 428 429 434 442 443 444
 445 456 458 461 464 465 472 478 486 490 504 506 507 508 509 521 545 547
 558 559 565 570 572 577 581 582 583 588 590 595 605 615 618 620 624 625
 628 631 632 640 652 654 659 663 668 669 671 687 691 693 707 710 713 716
 724 727 729 737 747 759 761 762 763 764 772 774 781 786 791 798 803 809
 810 811 812 815 831 839 842 847 850 855 862 867 874 878 883 884 887 897
 902 908 909 912 914 918 921 924 930 935 944 945 975 976 977 981 988 989
 991 997]
[  1   3   4  20  23  26  31  40  60  62  63  64  66  71  72  73  75  79
  85  99 103 108 110 114 119 121 130 132 134 144 147 160 162 166 168 169
 178 181 185 193 200 206 210 215 216 217 220 221 224 236 244 250 254 256
 266 276 285 287 293 294 306 311 312 315 316 326 333 341 350 352 359 367
 368 373 375 377 382 392 393 398 401 409 415 418 424 425 433 436 450 451
 453 459 462 471 481 489 491 492 497 498 500 501 517 518 523 524 532 534
 535 539 540 544 550 551 552 560 568 575 585 597 602 608 609 612 613 614
 623 627 629 630 635 641 647 656 660 665 670 680 688 695 701 704 708 711
 719 733 735 736 746 749 752 754 755 757 768 769 775 780 787 794 814 821
 827 829 836 837 843 845 853 860 861 865 866 868 876 880 882 888 896 899
 907 916 919 920 932 934 938 939 949 951 957 961 962 967 969 980 990 994
 995 998]
[  2  12  16  17  24  29  36  37  48  55  57  65  67  68  70  76  80  91
  95  96 100 102 113 115 120 128 133 136 138 140 149 150 154 161 167 177
 179 183 189 190 208 212 219 222 229 230 232 247 258 260 263 267 268 269
 272 277 281 286 288 290 303 313 314 320 330 335 340 342 345 351 353 354
 356 363 366 369 383 384 385 399 404 405 407 430 435 437 439 440 446 447
 449 460 463 467 468 470 473 479 483 495 505 511 520 522 527 530 536 537
 553 555 562 563 566 571 573 576 578 584 586 589 600 601 603 611 617 633
 636 642 643 650 661 662 672 673 678 683 686 689 692 697 706 715 717 720
 722 725 726 732 742 744 745 748 750 756 766 773 778 784 790 797 801 807
 813 818 819 824 825 833 840 849 851 857 859 870 872 873 881 886 895 898
 901 905 911 923 926 927 931 936 940 942 956 958 959 966 970 972 983 984
 992 996]
[  0   7  14  21  27  32  34  43  46  59  61  69  74  78  81  89  90  92
  93  98 106 111 112 122 124 127 129 131 135 137 145 146 152 155 164 174
 180 186 196 199 202 203 209 223 228 233 234 235 237 238 240 245 259 270
 275 280 289 292 298 299 300 304 305 307 309 318 323 327 331 334 336 344
 346 349 357 374 378 387 389 397 400 406 411 412 420 422 427 431 432 441
 448 452 454 455 466 469 474 480 482 493 510 512 513 514 515 516 529 533
 538 541 548 554 557 569 574 580 592 593 594 598 604 606 616 619 626 639
 644 648 651 653 657 664 666 676 677 682 684 685 696 699 700 712 714 718
 723 731 734 738 741 753 758 765 770 777 783 785 788 789 792 795 800 802
 804 806 816 820 822 826 828 841 848 854 856 858 864 875 885 889 893 894
 906 910 913 915 917 928 929 947 952 953 963 964 968 971 973 974 982 986
 987 993]
[  8   9  10  15  18  25  28  30  35  39  42  45  49  51  52  54  56  84
  87  97 104 109 118 125 126 141 143 148 151 157 165 170 171 173 175 176
 188 191 194 198 204 205 213 218 225 226 227 239 242 243 248 261 273 274
 278 279 284 295 296 297 301 308 310 317 319 321 322 324 325 329 332 339
 347 361 362 372 376 380 381 391 402 410 413 416 417 419 421 426 438 457
 475 476 477 484 485 487 488 494 496 499 502 503 519 525 526 528 531 542
 543 546 549 556 561 564 567 579 587 591 596 599 607 610 621 622 634 637
 638 645 646 649 655 658 667 674 675 679 681 690 694 698 702 703 705 709
 721 728 730 739 740 743 751 760 767 771 776 779 782 793 796 799 805 808
 817 823 830 832 834 835 838 844 846 852 863 869 871 877 879 890 891 892
 900 903 904 922 925 933 937 941 943 946 948 950 954 955 960 965 978 979
 985 999]
[  5   6  11  13  19  22  33  38  41  44  47  50  53  58  77  82  83  86
  88  94 101 105 107 116 117 123 139 142 153 156 158 159 163 172 182 184
 187 192 195 197 201 207 211 214 231 241 246 249 251 252 253 255 257 262
 264 265 271 282 283 291 302 328 337 338 343 348 355 358 360 364 365 370
 371 379 386 388 390 394 395 396 403 408 414 423 428 429 434 442 443 444
 445 456 458 461 464 465 472 478 486 490 504 506 507 508 509 521 545 547
 558 559 565 570 572 577 581 582 583 588 590 595 605 615 618 620 624 625
 628 631 632 640 652 654 659 663 668 669 671 687 691 693 707 710 713 716
 724 727 729 737 747 759 761 762 763 764 772 774 781 786 791 798 803 809
 810 811 812 815 831 839 842 847 850 855 862 867 874 878 883 884 887 897
 902 908 909 912 914 918 921 924 930 935 944 945 975 976 977 981 988 989
 991 997]
[  1   3   4  20  23  26  31  40  60  62  63  64  66  71  72  73  75  79
  85  99 103 108 110 114 119 121 130 132 134 144 147 160 162 166 168 169
 178 181 185 193 200 206 210 215 216 217 220 221 224 236 244 250 254 256
 266 276 285 287 293 294 306 311 312 315 316 326 333 341 350 352 359 367
 368 373 375 377 382 392 393 398 401 409 415 418 424 425 433 436 450 451
 453 459 462 471 481 489 491 492 497 498 500 501 517 518 523 524 532 534
 535 539 540 544 550 551 552 560 568 575 585 597 602 608 609 612 613 614
 623 627 629 630 635 641 647 656 660 665 670 680 688 695 701 704 708 711
 719 733 735 736 746 749 752 754 755 757 768 769 775 780 787 794 814 821
 827 829 836 837 843 845 853 860 861 865 866 868 876 880 882 888 896 899
 907 916 919 920 932 934 938 939 949 951 957 961 962 967 969 980 990 994
 995 998]
[  2  12  16  17  24  29  36  37  48  55  57  65  67  68  70  76  80  91
  95  96 100 102 113 115 120 128 133 136 138 140 149 150 154 161 167 177
 179 183 189 190 208 212 219 222 229 230 232 247 258 260 263 267 268 269
 272 277 281 286 288 290 303 313 314 320 330 335 340 342 345 351 353 354
 356 363 366 369 383 384 385 399 404 405 407 430 435 437 439 440 446 447
 449 460 463 467 468 470 473 479 483 495 505 511 520 522 527 530 536 537
 553 555 562 563 566 571 573 576 578 584 586 589 600 601 603 611 617 633
 636 642 643 650 661 662 672 673 678 683 686 689 692 697 706 715 717 720
 722 725 726 732 742 744 745 748 750 756 766 773 778 784 790 797 801 807
 813 818 819 824 825 833 840 849 851 857 859 870 872 873 881 886 895 898
 901 905 911 923 926 927 931 936 940 942 956 958 959 966 970 972 983 984
 992 996]
[  0   7  14  21  27  32  34  43  46  59  61  69  74  78  81  89  90  92
  93  98 106 111 112 122 124 127 129 131 135 137 145 146 152 155 164 174
 180 186 196 199 202 203 209 223 228 233 234 235 237 238 240 245 259 270
 275 280 289 292 298 299 300 304 305 307 309 318 323 327 331 334 336 344
 346 349 357 374 378 387 389 397 400 406 411 412 420 422 427 431 432 441
 448 452 454 455 466 469 474 480 482 493 510 512 513 514 515 516 529 533
 538 541 548 554 557 569 574 580 592 593 594 598 604 606 616 619 626 639
 644 648 651 653 657 664 666 676 677 682 684 685 696 699 700 712 714 718
 723 731 734 738 741 753 758 765 770 777 783 785 788 789 792 795 800 802
 804 806 816 820 822 826 828 841 848 854 856 858 864 875 885 889 893 894
 906 910 913 915 917 928 929 947 952 953 963 964 968 971 973 974 982 986
 987 993]
[  8   9  10  15  18  25  28  30  35  39  42  45  49  51  52  54  56  84
  87  97 104 109 118 125 126 141 143 148 151 157 165 170 171 173 175 176
 188 191 194 198 204 205 213 218 225 226 227 239 242 243 248 261 273 274
 278 279 284 295 296 297 301 308 310 317 319 321 322 324 325 329 332 339
 347 361 362 372 376 380 381 391 402 410 413 416 417 419 421 426 438 457
 475 476 477 484 485 487 488 494 496 499 502 503 519 525 526 528 531 542
 543 546 549 556 561 564 567 579 587 591 596 599 607 610 621 622 634 637
 638 645 646 649 655 658 667 674 675 679 681 690 694 698 702 703 705 709
 721 728 730 739 740 743 751 760 767 771 776 779 782 793 796 799 805 808
 817 823 830 832 834 835 838 844 846 852 863 869 871 877 879 890 891 892
 900 903 904 922 925 933 937 941 943 946 948 950 954 955 960 965 978 979
 985 999]
