
0.9760000000000002
0.983
0.991
0.986
0.9800000000000001
0.9870000000000001
0.9880000000000001
0.998
0.9890000000000001
0.982
0.9809999999999999
0.9890000000000001
0.994
0.99
0.9749999999999999
0.9809999999999999
0.9890000000000001
0.994
0.99
0.9749999999999999
0.9809999999999999
0.9890000000000001
0.994
0.99
0.9749999999999999
0.978
0.986
0.9970000000000001
0.9879999999999999
0.8790000000000001
0.9000000000000001
0.906
0.9040000000000001
0.89
0.8790000000000001
0.9000000000000001
0.906
0.9040000000000001
0.89
